global_step = 10000
loss = 7.6637177
masked_lm_accuracy = 0.11422638
masked_lm_loss = 7.4845967
next_sentence_accuracy = 0.91375
next_sentence_loss = 0.18137325
